   0   41800.00   82650.00
   1   41966.67   82533.33
   2   41983.33   82933.33
   3   42033.33   82750.00
   4   42033.33   82916.67
   5   42050.00   82583.33
   6   42100.00   82450.00
   7   42100.00   83100.00
   8   42133.33   82750.00
   9   42150.00   82966.67
  10   42166.67   82816.67
  11   42233.33   82550.00
  12   42250.00   81916.67
  13   42250.00   82433.33
  14   42283.33   83066.67
  15   42300.00   82716.67
  16   42300.00   83066.67
  17   42316.67   82850.00
  18   42316.67   82900.00
  19   42316.67   82983.33
  20   42316.67   83000.00
  21   42333.33   82000.00
  22   42333.33   82950.00
  23   42333.33   83033.33
  24   42400.00   82183.33
  25   42433.33   81883.33
  26   42550.00   81966.67
  27   42566.67   81683.33
  28   42583.33   82166.67
  29   42583.33   82366.67
  30   42600.00   81600.00
  31   42633.33   80450.00
  32   42650.00   80816.67
  33   42666.67   81216.67
  34   42700.00   81083.33
  35   42716.67   81300.00
  36   42716.67   82483.33
  37   42750.00   81700.00
  38   42783.33   80200.00
  39   42783.33   80983.33
  40   42783.33   81183.33
  41   42800.00   80066.67
  42   42816.67   81433.33
  43   42816.67   82466.67
  44   42833.33   80300.00
  45   42850.00   80500.00
  46   42850.00   82466.67
  47   42866.67   79566.67
  48   42866.67   80733.33
  49   42883.33   79233.33
  50   42883.33   82150.00
  51   42900.00   78933.33
  52   42900.00   79616.67
  53   42933.33   80283.33
  54   42950.00   80050.00
  55   42950.00   81616.67
  56   42950.00   81883.33
  57   42950.00   82116.67
  58   42966.67   79750.00
  59   42966.67   82400.00
  60   42983.33   79250.00
  61   42983.33   80600.00
  62   42983.33   81250.00
  63   43000.00   82400.00
  64   43033.33   79283.33
  65   43033.33   80883.33
  66   43033.33   81466.67
  67   43066.67   79950.00
  68   43083.33   79050.00
  69   43100.00   79050.00
  70   43100.00   79533.33
  71   43100.00   80233.33
  72   43100.00   82000.00
  73   43116.67   79200.00
  74   43116.67   81433.33
  75   43133.33   79100.00
  76   43133.33   80266.67
  77   43133.33   80750.00
  78   43150.00   79500.00
  79   43166.67   79050.00
  80   43166.67   79233.33
  81   43166.67   79466.67
  82   43166.67   81683.33
  83   43166.67   81850.00
  84   43183.33   81400.00
  85   43200.00   79266.67
  86   43200.00   79550.00
  87   43200.00   80383.33
  88   43216.67   79216.67
  89   43216.67   79750.00
  90   43233.33   80550.00
  91   43250.00   79066.67
  92   43250.00   79833.33
  93   43250.00   81133.33
  94   43266.67   79933.33
  95   43283.33   80450.00
  96   43283.33   81250.00
  97   43283.33   81466.67
  98   43300.00   81550.00
  99   43316.67   79800.00
 100   43316.67   80833.33
 101   43316.67   81750.00
 102   43333.33   79883.33
 103   43333.33   80916.67
 104   43333.33   81050.00
 105   43350.00   80300.00
 106   43350.00   81483.33
 107   43366.67   80983.33
 108   43383.33   80316.67
 109   43383.33   80716.67
 110   43400.00   80350.00
 111   43400.00   80666.67
 112   43433.33   79666.67
 113   43433.33   80316.67
 114   43433.33   81500.00
 115   43450.00   65633.33
 116   43450.00   80500.00
 117   43466.67   80533.33
 118   43466.67   81183.33
 119   43483.33   80483.33
 120   43516.67   65600.00
 121   43516.67   65733.33
 122   43516.67   79616.67
 123   43516.67   79883.33
 124   43516.67   81166.67
 125   43533.33   79650.00
 126   43550.00   79583.33
 127   43550.00   80250.00
 128   43550.00   81383.33
 129   43566.67   65566.67
 130   43566.67   80933.33
 131   43566.67   81700.00
 132   43583.33   79533.33
 133   43583.33   79716.67
 134   43600.00   65466.67
 135   43600.00   79500.00
 136   43600.00   80550.00
 137   43600.00   81533.33
 138   43616.67   80583.33
 139   43633.33   65350.00
 140   43633.33   65483.33
 141   43633.33   79466.67
 142   43633.33   80033.33
 143   43650.00   79933.33
 144   43666.67   79416.67
 145   43683.33   79766.67
 146   43683.33   80433.33
 147   43700.00   65116.67
 148   43700.00   65783.33
 149   43700.00   79366.67
 150   43700.00   79416.67
 151   43700.00   79500.00
 152   43700.00   79566.67
 153   43700.00   79633.33
 154   43700.00   80366.67
 155   43716.67   79250.00
 156   43716.67   79483.33
 157   43716.67   79566.67
 158   43733.33   65966.67
 159   43733.33   79250.00
 160   43733.33   79333.33
 161   43733.33   80966.67
 162   43733.33   81700.00
 163   43750.00   66116.67
 164   43750.00   79200.00
 165   43750.00   79416.67
 166   43766.67   65316.67
 167   43766.67   80066.67
 168   43783.33   79250.00
 169   43783.33   79266.67
 170   43783.33   79416.67
 171   43783.33   79600.00
 172   43783.33   79933.33
 173   43800.00   65850.00
 174   43800.00   79416.67
 175   43833.33   65066.67
 176   43833.33   66116.67
 177   43833.33   80533.33
 178   43833.33   80850.00
 179   43850.00   65966.67
 180   43850.00   66150.00
 181   43850.00   79016.67
 182   43866.67   78933.33
 183   43866.67   79033.33
 184   43866.67   79266.67
 185   43866.67   79433.33
 186   43866.67   79866.67
 187   43866.67   80000.00
 188   43883.33   66083.33
 189   43883.33   79733.33
 190   43883.33   81300.00
 191   43900.00   78683.33
 192   43900.00   78866.67
 193   43900.00   80316.67
 194   43916.67   78583.33
 195   43916.67   80083.33
 196   43916.67   80883.33
 197   43933.33   64850.00
 198   43933.33   79533.33
 199   43933.33   81250.00
 200   43950.00   64816.67
 201   43950.00   77350.00
 202   43950.00   78300.00
 203   43950.00   81516.67
 204   43966.67   66133.33
 205   43966.67   78166.67
 206   43966.67   79250.00
 207   43966.67   80733.33
 208   43983.33   66016.67
 209   43983.33   81283.33
 210   44000.00   77233.33
 211   44000.00   79466.67
 212   44016.67   77150.00
 213   44016.67   77883.33
 214   44016.67   78716.67
 215   44016.67   78966.67
 216   44016.67   79800.00
 217   44033.33   64716.67
 218   44033.33   77733.33
 219   44033.33   81116.67
 220   44050.00   64750.00
 221   44050.00   66166.67
 222   44050.00   76933.33
 223   44050.00   78800.00
 224   44050.00   79450.00
 225   44050.00   80933.33
 226   44066.67   78366.67
 227   44066.67   80200.00
 228   44066.67   81583.33
 229   44083.33   66033.33
 230   44083.33   77366.67
 231   44083.33   81133.33
 232   44100.00   77583.33
 233   44100.00   78633.33
 234   44100.00   78933.33
 235   44100.00   79116.67
 236   44116.67   79566.67
 237   44133.33   64650.00
 238   44133.33   78183.33
 239   44133.33   78666.67
 240   44133.33   81150.00
 241   44150.00   76766.67
 242   44150.00   78450.00
 243   44150.00   79866.67
 244   44150.00   81033.33
 245   44166.67   77383.33
 246   44166.67   80383.33
 247   44166.67   81633.33
 248   44183.33   66150.00
 249   44183.33   76766.67
 250   44183.33   78566.67
 251   44183.33   80816.67
 252   44200.00   76750.00
 253   44200.00   77033.33
 254   44200.00   77600.00
 255   44200.00   81233.33
 256   44216.67   76533.33
 257   44216.67   76866.67
 258   44216.67   77366.67
 259   44233.33   64450.00
 260   44233.33   76483.33
 261   44233.33   76616.67
 262   44233.33   77033.33
 263   44233.33   79050.00
 264   44250.00   64550.00
 265   44250.00   76950.00
 266   44250.00   77816.67
 267   44250.00   78166.67
 268   44250.00   79466.67
 269   44250.00   79583.33
 270   44250.00   80550.00
 271   44266.67   64600.00
 272   44266.67   66316.67
 273   44266.67   66350.00
 274   44266.67   79550.00
 275   44266.67   79883.33
 276   44283.33   64366.67
 277   44283.33   79916.67
 278   44300.00   64366.67
 279   44300.00   76566.67
 280   44300.00   77550.00
 281   44300.00   77600.00
 282   44300.00   77800.00
 283   44300.00   77950.00
 284   44300.00   78333.33
 285   44300.00   78550.00
 286   44300.00   79366.67
 287   44300.00   81100.00
 288   44300.00   81283.33
 289   44316.67   64416.67
 290   44316.67   79200.00
 291   44316.67   79883.33
 292   44316.67   80100.00
 293   44316.67   80533.33
 294   44316.67   80650.00
 295   44333.33   66116.67
 296   44333.33   76166.67
 297   44333.33   76333.33
 298   44333.33   76866.67
 299   44350.00   64250.00
 300   44350.00   78733.33
 301   44350.00   79033.33
 302   44350.00   79783.33
 303   44366.67   64316.67
 304   44366.67   64516.67
 305   44366.67   65033.33
 306   44366.67   75933.33
 307   44366.67   76516.67
 308   44366.67   76766.67
 309   44383.33   64966.67
 310   44383.33   66216.67
 311   44383.33   77016.67
 312   44383.33   77983.33
 313   44383.33   78200.00
 314   44383.33   79700.00
 315   44416.67   65983.33
 316   44416.67   79000.00
 317   44416.67   80083.33
 318   44433.33   64366.67
 319   44433.33   75950.00
 320   44433.33   77450.00
 321   44433.33   77616.67
 322   44433.33   77883.33
 323   44433.33   78266.67
 324   44433.33   79150.00
 325   44433.33   81383.33
 326   44450.00   64850.00
 327   44450.00   78633.33
 328   44450.00   79733.33
 329   44450.00   80883.33
 330   44466.67   63600.00
 331   44466.67   63716.67
 332   44466.67   63800.00
 333   44466.67   76883.33
 334   44466.67   76983.33
 335   44466.67   77300.00
 336   44483.33   76683.33
 337   44483.33   77683.33
 338   44500.00   79466.67
 339   44500.00   80216.67
 340   44500.00   81366.67
 341   44516.67   77216.67
 342   44516.67   77483.33
 343   44516.67   77616.67
 344   44516.67   79616.67
 345   44533.33   64233.33
 346   44533.33   66016.67
 347   44533.33   77783.33
 348   44533.33   78550.00
 349   44533.33   78750.00
 350   44533.33   81166.67
 351   44550.00   64716.67
 352   44550.00   77333.33
 353   44550.00   78333.33
 354   44550.00   79183.33
 355   44550.00   80450.00
 356   44566.67   65633.33
 357   44566.67   80800.00
 358   44566.67   80850.00
 359   44583.33   64066.67
 360   44583.33   75683.33
 361   44583.33   79866.67
 362   44600.00   65750.00
 363   44600.00   78933.33
 364   44600.00   79366.67
 365   44600.00   79416.67
 366   44600.00   80583.33
 367   44600.00   81133.33
 368   44616.67   63483.33
 369   44633.33   63350.00
 370   44633.33   64050.00
 371   44633.33   64850.00
 372   44633.33   65650.00
 373   44633.33   75850.00
 374   44633.33   77283.33
 375   44633.33   80950.00
 376   44650.00   63266.67
 377   44650.00   63550.00
 378   44650.00   63600.00
 379   44650.00   65633.33
 380   44650.00   66850.00
 381   44650.00   75650.00
 382   44650.00   76250.00
 383   44650.00   76316.67
 384   44650.00   76716.67
 385   44650.00   77116.67
 386   44650.00   77550.00
 387   44650.00   79033.33
 388   44650.00   79266.67
 389   44666.67   63566.67
 390   44666.67   63950.00
 391   44666.67   76683.33
 392   44666.67   77333.33
 393   44666.67   78800.00
 394   44683.33   75966.67
 395   44683.33   76400.00
 396   44683.33   79883.33
 397   44700.00   63883.33
 398   44716.67   63233.33
 399   44716.67   64800.00
 400   44716.67   65216.67
 401   44716.67   75516.67
 402   44716.67   78933.33
 403   44716.67   79816.67
 404   44728.89   63664.44
 405   44733.33   64450.00
 406   44733.33   64700.00
 407   44733.33   65516.67
 408   44733.33   76850.00
 409   44733.33   81133.33
 410   44750.00   65516.67
 411   44750.00   78083.33
 412   44750.00   79333.33
 413   44750.00   79700.00
 414   44750.00   79766.67
 415   44750.00   79816.67
 416   44750.00   79900.00
 417   44766.67   66750.00
 418   44766.67   76683.33
 419   44766.67   79333.33
 420   44766.67   79933.33
 421   44783.33   63150.00
 422   44783.33   75366.67
 423   44783.33   78650.00
 424   44800.00   62700.00
 425   44800.00   65050.00
 426   44800.00   79716.67
 427   44816.67   65516.67
 428   44816.67   77616.67
 429   44850.00   65150.00
 430   44850.00   75316.67
 431   44850.00   77833.33
 432   44850.00   79500.00
 433   44883.33   63833.33
 434   44883.33   65166.67
 435   44883.33   66950.00
 436   44883.33   76233.33
 437   44900.00   62416.67
 438   44900.00   75183.33
 439   44900.00   76016.67
 440   44900.00   78383.33
 441   44916.67   62383.33
 442   44916.67   63233.33
 443   44916.67   75833.33
 444   44916.67   79366.67
 445   44933.33   62533.33
 446   44933.33   76683.33
 447   44933.33   78733.33
 448   44950.00   65066.67
 449   44950.00   65266.67
 450   44950.00   75066.67
 451   44966.67   62116.67
 452   44966.67   62250.00
 453   44966.67   63516.67
 454   44966.67   63966.67
 455   44983.33   64133.33
 456   44983.33   64900.00
 457   44983.33   77733.33
 458   44983.33   79566.67
 459   44983.33   81250.00
 460   45000.00   66933.33
 461   45000.00   72100.00
 462   45000.00   75000.00
 463   45000.00   79300.00
 464   45016.67   65166.67
 465   45016.67   72083.33
 466   45016.67   72150.00
 467   45016.67   74366.67
 468   45016.67   74400.00
 469   45016.67   74733.33
 470   45016.67   75633.33
 471   45016.67   76833.33
 472   45016.67   79616.67
 473   45033.33   62000.00
 474   45033.33   64733.33
 475   45033.33   64833.33
 476   45033.33   65066.67
 477   45033.33   74900.00
 478   45033.33   76700.00
 479   45033.33   78216.67
 480   45033.33   78516.67
 481   45033.33   79300.00
 482   45050.00   63133.33
 483   45050.00   66900.00
 484   45050.00   73600.00
 485   45050.00   77850.00
 486   45050.00   78800.00
 487   45050.00   79400.00
 488   45066.67   61900.00
 489   45066.67   63950.00
 490   45066.67   64183.33
 491   45066.67   64500.00
 492   45066.67   64633.33
 493   45066.67   64800.00
 494   45066.67   67033.33
 495   45066.67   78083.33
 496   45066.67   78900.00
 497   45083.33   63400.00
 498   45083.33   64366.67
 499   45083.33   64400.00
 500   45083.33   66416.67
 501   45083.33   73366.67
 502   45083.33   74183.33
 503   45100.00   64250.00
 504   45100.00   64933.33
 505   45100.00   72616.67
 506   45100.00   73750.00
 507   45100.00   75216.67
 508   45100.00   75350.00
 509   45116.67   62016.67
 510   45116.67   64533.33
 511   45116.67   66683.33
 512   45116.67   72983.33
 513   45116.67   77866.67
 514   45133.33   61983.33
 515   45133.33   62950.00
 516   45133.33   63350.00
 517   45133.33   66583.33
 518   45133.33   66816.67
 519   45133.33   71800.00
 520   45133.33   73283.33
 521   45133.33   74000.00
 522   45133.33   74350.00
 523   45133.33   74483.33
 524   45133.33   74500.00
 525   45133.33   75083.33
 526   45133.33   76133.33
 527   45133.33   79766.67
 528   45150.00   64166.67
 529   45150.00   77250.00
 530   45166.67   64366.67
 531   45166.67   67300.00
 532   45166.67   72033.33
 533   45166.67   74133.33
 534   45166.67   81333.33
 535   45183.33   61650.00
 536   45183.33   61666.67
 537   45183.33   63716.67
 538   45183.33   63883.33
 539   45183.33   64450.00
 540   45183.33   66333.33
 541   45183.33   73400.00
 542   45183.33   73850.00
 543   45183.33   75833.33
 544   45200.00   64116.67
 545   45200.00   64616.67
 546   45200.00   67266.67
 547   45200.00   71500.00
 548   45200.00   72750.00
 549   45200.00   73866.67
 550   45216.67   61366.67
 551   45216.67   61733.33
 552   45216.67   64016.67
 553   45216.67   67133.33
 554   45216.67   72516.67
 555   45216.67   73300.00
 556   45216.67   76200.00
 557   45216.67   77400.00
 558   45216.67   79333.33
 559   45233.33   61200.00
 560   45233.33   73800.00
 561   45233.33   74250.00
 562   45233.33   77933.33
 563   45233.33   78883.33
 564   45250.00   62016.67
 565   45250.00   63283.33
 566   45250.00   63466.67
 567   45250.00   66100.00
 568   45250.00   73600.00
 569   45250.00   74133.33
 570   45250.00   75916.67
 571   45250.00   77116.67
 572   45250.00   81666.67
 573   45266.67   62066.67
 574   45266.67   63866.67
 575   45266.67   66066.67
 576   45266.67   71516.67
 577   45266.67   72150.00
 578   45266.67   74233.33
 579   45283.33   67266.67
 580   45283.33   71883.33
 581   45283.33   72116.67
 582   45283.33   72966.67
 583   45283.33   74050.00
 584   45283.33   74233.33
 585   45283.33   74850.00
 586   45300.00   64400.00
 587   45300.00   66200.00
 588   45300.00   72266.67
 589   45300.00   72316.67
 590   45300.00   73250.00
 591   45300.00   74633.33
 592   45300.00   75083.33
 593   45300.00   75883.33
 594   45300.00   76716.67
 595   45300.00   78033.33
 596   45300.00   79933.33
 597   45316.67   63516.67
 598   45316.67   63783.33
 599   45316.67   67200.00
 600   45316.67   73233.33
 601   45316.67   73850.00
 602   45316.67   73866.67
 603   45316.67   73933.33
 604   45316.67   74050.00
 605   45316.67   80083.33
 606   45333.33   64766.67
 607   45333.33   64783.33
 608   45333.33   73816.67
 609   45333.33   75250.00
 610   45333.33   75600.00
 611   45333.33   75683.33
 612   45333.33   75900.00
 613   45333.33   76283.33
 614   45333.33   79216.67
 615   45333.33   80033.33
 616   45350.00   61000.00
 617   45350.00   61250.00
 618   45350.00   64716.67
 619   45350.00   64816.67
 620   45350.00   65533.33
 621   45350.00   66233.33
 622   45350.00   72516.67
 623   45350.00   73466.67
 624   45350.00   74500.00
 625   45350.00   75933.33
 626   45350.00   76033.33
 627   45366.67   63300.00
 628   45366.67   71866.67
 629   45366.67   73550.00
 630   45366.67   73750.00
 631   45366.67   73983.33
 632   45366.67   75800.00
 633   45366.67   75883.33
 634   45366.67   76483.33
 635   45366.67   76983.33
 636   45366.67   77616.67
 637   45383.33   61983.33
 638   45383.33   63916.67
 639   45383.33   66000.00
 640   45383.33   70866.67
 641   45383.33   72733.33
 642   45383.33   73516.67
 643   45383.33   73750.00
 644   45383.33   74016.67
 645   45383.33   75800.00
 646   45383.33   79783.33
 647   45400.00   61500.00
 648   45400.00   62183.33
 649   45400.00   62500.00
 650   45400.00   63700.00
 651   45400.00   64316.67
 652   45400.00   71900.00
 653   45400.00   72033.33
 654   45400.00   73000.00
 655   45400.00   73583.33
 656   45400.00   73916.67
 657   45400.00   73933.33
 658   45400.00   74033.33
 659   45400.00   75850.00
 660   45400.00   78083.33
 661   45416.67   63033.33
 662   45416.67   63383.33
 663   45416.67   63600.00
 664   45416.67   64033.33
 665   45416.67   64550.00
 666   45416.67   67183.33
 667   45416.67   71616.67
 668   45416.67   72583.33
 669   45416.67   73500.00
 670   45416.67   73650.00
 671   45416.67   73666.67
 672   45416.67   73683.33
 673   45416.67   75700.00
 674   45416.67   80100.00
 675   45433.33   63466.67
 676   45433.33   63516.67
 677   45433.33   72883.33
 678   45433.33   73166.67
 679   45433.33   73650.00
 680   45433.33   73750.00
 681   45433.33   73833.33
 682   45433.33   73966.67
 683   45433.33   75650.00
 684   45433.33   75733.33
 685   45433.33   76366.67
 686   45450.00   66350.00
 687   45450.00   71766.67
 688   45450.00   73266.67
 689   45450.00   73300.00
 690   45450.00   73483.33
 691   45450.00   73566.67
 692   45450.00   73583.33
 693   45450.00   73650.00
 694   45450.00   73666.67
 695   45450.00   73750.00
 696   45450.00   73850.00
 697   45450.00   74116.67
 698   45450.00   74150.00
 699   45450.00   74166.67
 700   45450.00   75066.67
 701   45450.00   75250.00
 702   45450.00   75683.33
 703   45450.00   77316.67
 704   45450.00   79250.00
 705   45466.67   62700.00
 706   45466.67   63600.00
 707   45466.67   64783.33
 708   45466.67   65883.33
 709   45466.67   70850.00
 710   45466.67   71933.33
 711   45466.67   73466.67
 712   45466.67   73883.33
 713   45466.67   74083.33
 714   45466.67   74300.00
 715   45466.67   75516.67
 716   45466.67   75700.00
 717   45466.67   76400.00
 718   45466.67   76683.33
 719   45483.33   61033.33
 720   45483.33   71666.67
 721   45483.33   72316.67
 722   45483.33   72600.00
 723   45483.33   73500.00
 724   45483.33   73600.00
 725   45483.33   73866.67
 726   45483.33   73900.00
 727   45483.33   75600.00
 728   45483.33   75650.00
 729   45483.33   77683.33
 730   45483.33   79466.67
 731   45500.00   72900.00
 732   45500.00   73483.33
 733   45500.00   73500.00
 734   45500.00   73583.33
 735   45500.00   73816.67
 736   45500.00   73966.67
 737   45500.00   74033.33
 738   45500.00   75816.67
 739   45500.00   78000.00
 740   45500.00   78233.33
 741   45516.67   61016.67
 742   45516.67   64333.33
 743   45516.67   73616.67
 744   45516.67   73650.00
 745   45516.67   73666.67
 746   45516.67   74650.00
 747   45516.67   75866.67
 748   45516.67   76000.00
 749   45516.67   76233.33
 750   45516.67   76416.67
 751   45516.67   79300.00
 752   45516.67   80283.33
 753   45533.33   65833.33
 754   45533.33   71283.33
 755   45533.33   73166.67
 756   45533.33   73216.67
 757   45533.33   73350.00
 758   45533.33   73483.33
 759   45533.33   73516.67
 760   45533.33   73700.00
 761   45533.33   73716.67
 762   45533.33   73816.67
 763   45533.33   73883.33
 764   45533.33   75283.33
 765   45533.33   77100.00
 766   45533.33   79316.67
 767   45550.00   62716.67
 768   45550.00   63550.00
 769   45550.00   73233.33
 770   45550.00   73666.67
 771   45550.00   73700.00
 772   45550.00   73733.33
 773   45550.00   73866.67
 774   45550.00   74866.67
 775   45550.00   75416.67
 776   45550.00   77416.67
 777   45550.00   78600.00
 778   45550.00   82016.67
 779   45566.67   62650.00
 780   45566.67   63000.00
 781   45566.67   73200.00
 782   45566.67   73616.67
 783   45566.67   73650.00
 784   45566.67   73850.00
 785   45566.67   73900.00
 786   45566.67   76766.67
 787   45583.33   60966.67
 788   45583.33   62183.33
 789   45583.33   62633.33
 790   45583.33   67333.33
 791   45583.33   70883.33
 792   45583.33   72000.00
 793   45583.33   73516.67
 794   45583.33   73600.00
 795   45583.33   75233.33
 796   45583.33   75416.67
 797   45583.33   77250.00
 798   45600.00   61350.00
 799   45600.00   61366.67
 800   45600.00   64950.00
 801   45600.00   73533.33
 802   45600.00   73616.67
 803   45600.00   73733.33
 804   45600.00   76483.33
 805   45600.00   79100.00
 806   45600.00   80366.67
 807   45616.67   61233.33
 808   45616.67   61400.00
 809   45616.67   61650.00
 810   45616.67   61966.67
 811   45616.67   62416.67
 812   45616.67   62616.67
 813   45616.67   63666.67
 814   45616.67   64783.33
 815   45616.67   66083.33
 816   45616.67   71616.67
 817   45616.67   72950.00
 818   45616.67   73650.00
 819   45616.67   73750.00
 820   45616.67   73783.33
 821   45616.67   74600.00
 822   45616.67   74683.33
 823   45616.67   75016.67
 824   45616.67   76883.33
 825   45616.67   78400.00
 826   45616.67   79416.67
 827   45633.33   60666.67
 828   45633.33   61400.00
 829   45633.33   64050.00
 830   45633.33   66583.33
 831   45633.33   72566.67
 832   45633.33   72933.33
 833   45633.33   73516.67
 834   45633.33   73816.67
 835   45633.33   73850.00
 836   45633.33   74366.67
 837   45633.33   74600.00
 838   45633.33   75933.33
 839   45633.33   78816.67
 840   45633.33   80083.33
 841   45650.00   60866.67
 842   45650.00   61233.33
 843   45650.00   61516.67
 844   45650.00   62850.00
 845   45650.00   72900.00
 846   45650.00   73483.33
 847   45650.00   73766.67
 848   45650.00   74100.00
 849   45650.00   74333.33
 850   45650.00   74933.33
 851   45650.00   76033.33
 852   45650.00   81983.33
 853   45666.67   62700.00
 854   45666.67   66616.67
 855   45666.67   72150.00
 856   45666.67   73566.67
 857   45666.67   79633.33
 858   45683.33   61433.33
 859   45683.33   63550.00
 860   45683.33   64216.67
 861   45683.33   64383.33
 862   45683.33   66100.00
 863   45683.33   66916.67
 864   45683.33   67183.33
 865   45683.33   73183.33
 866   45683.33   73433.33
 867   45683.33   73633.33
 868   45683.33   74400.00
 869   45683.33   76616.67
 870   45700.00   60733.33
 871   45700.00   61483.33
 872   45700.00   62266.67
 873   45700.00   64433.33
 874   45700.00   71450.00
 875   45700.00   73783.33
 876   45716.67   60250.00
 877   45716.67   61166.67
 878   45716.67   61250.00
 879   45716.67   63283.33
 880   45716.67   64250.00
 881   45716.67   65516.67
 882   45716.67   67000.00
 883   45716.67   73483.33
 884   45716.67   75050.00
 885   45733.33   63050.00
 886   45733.33   63866.67
 887   45733.33   64216.67
 888   45733.33   73450.00
 889   45733.33   76600.00
 890   45733.33   76850.00
 891   45733.33   81800.00
 892   45750.00   62733.33
 893   45750.00   64716.67
 894   45750.00   70700.00
 895   45750.00   73483.33
 896   45766.67   66150.00
 897   45766.67   71416.67
 898   45766.67   72983.33
 899   45766.67   73350.00
 900   45766.67   73983.33
 901   45766.67   74000.00
 902   45766.67   75583.33
 903   45766.67   79400.00
 904   45766.67   80550.00
 905   45783.33   63633.33
 906   45783.33   71933.33
 907   45783.33   72016.67
 908   45783.33   73150.00
 909   45783.33   75100.00
 910   45783.33   80533.33
 911   45800.00   61483.33
 912   45800.00   63466.67
 913   45800.00   65116.67
 914   45800.00   71900.00
 915   45800.00   74016.67
 916   45800.00   75950.00
 917   45816.67   73433.33
 918   45816.67   77116.67
 919   45816.67   82583.33
 920   45833.33   60133.33
 921   45833.33   63583.33
 922   45833.33   64200.00
 923   45833.33   71383.33
 924   45833.33   71666.67
 925   45833.33   72566.67
 926   45850.00   63650.00
 927   45850.00   66466.67
 928   45850.00   70650.00
 929   45850.00   73233.33
 930   45850.00   73483.33
 931   45850.00   73766.67
 932   45850.00   76750.00
 933   45850.00   79366.67
 934   45866.67   61966.67
 935   45866.67   65816.67
 936   45866.67   74083.33
 937   45883.33   61500.00
 938   45883.33   64350.00
 939   45883.33   66300.00
 940   45883.33   66900.00
 941   45883.33   67466.67
 942   45883.33   72483.33
 943   45883.33   72766.67
 944   45883.33   73150.00
 945   45883.33   73283.33
 946   45883.33   80533.33
 947   45883.33   80733.33
 948   45900.00   61100.00
 949   45900.00   71350.00
 950   45900.00   71650.00
 951   45900.00   72516.67
 952   45900.00   74166.67
 953   45900.00   77283.33
 954   45900.00   82250.00
 955   45900.00   82833.33
 956   45916.67   59983.33
 957   45916.67   64650.00
 958   45916.67   67033.33
 959   45916.67   76916.67
 960   45916.67   79983.33
 961   45916.67   82466.67
 962   45916.67   83116.67
 963   45933.33   60000.00
 964   45933.33   61016.67
 965   45933.33   65166.67
 966   45933.33   72433.33
 967   45950.00   60783.33
 968   45950.00   60900.00
 969   45950.00   64683.33
 970   45950.00   66633.33
 971   45950.00   71983.33
 972   45950.00   73583.33
 973   45950.00   74150.00
 974   45950.00   75950.00
 975   45950.00   79600.00
 976   45966.67   60816.67
 977   45966.67   61116.67
 978   45966.67   62566.67
 979   45966.67   66583.33
 980   45966.67   66633.33
 981   45966.67   67233.33
 982   45966.67   70950.00
 983   45966.67   71816.67
 984   45966.67   72383.33
 985   45966.67   73216.67
 986   45966.67   73466.67
 987   45966.67   73716.67
 988   45966.67   81933.33
 989   45983.33   60983.33
 990   45983.33   66200.00
 991   45983.33   67600.00
 992   45983.33   79366.67
 993   45983.33   80716.67
 994   46000.00   59850.00
 995   46000.00   64550.00
 996   46000.00   65316.67
 997   46000.00   67466.67
 998   46000.00   72916.67
 999   46016.67   60650.00
1000   46016.67   62483.33
1001   46016.67   62533.33
1002   46016.67   62883.33
1003   46016.67   66833.33
1004   46016.67   73166.67
1005   46016.67   74766.67
1006   46016.67   77450.00
1007   46033.33   59983.33
1008   46033.33   61533.33
1009   46033.33   65050.00
1010   46033.33   65866.67
1011   46033.33   71366.67
1012   46033.33   71916.67
1013   46033.33   73133.33
1014   46033.33   73433.33
1015   46033.33   73700.00
1016   46033.33   74033.33
1017   46033.33   74066.67
1018   46033.33   74200.00
1019   46033.33   74283.33
1020   46033.33   78466.67
1021   46033.33   80600.00
1022   46050.00   64100.00
1023   46050.00   65550.00
1024   46050.00   70516.67
1025   46050.00   71966.67
1026   46050.00   73116.67
1027   46050.00   81783.33
1028   46066.67   61366.67
1029   46066.67   62816.67
1030   46066.67   67683.33
1031   46066.67   72800.00
1032   46066.67   72833.33
1033   46066.67   79116.67
1034   46066.67   79350.00
1035   46083.33   59933.33
1036   46083.33   61416.67
1037   46083.33   64766.67
1038   46083.33   66050.00
1039   46083.33   71300.00
1040   46083.33   73166.67
1041   46083.33   75616.67
1042   46083.33   76050.00
1043   46083.33   78883.33
1044   46100.00   60500.00
1045   46100.00   60750.00
1046   46100.00   63933.33
1047   46100.00   64666.67
1048   46100.00   64750.00
1049   46100.00   77500.00
1050   46100.00   81716.67
1051   46116.67   60216.67
1052   46116.67   60233.33
1053   46116.67   63783.33
1054   46116.67   64950.00
1055   46116.67   67150.00
1056   46116.67   70666.67
1057   46116.67   70683.33
1058   46116.67   74583.33
1059   46133.33   59883.33
1060   46133.33   66600.00
1061   46133.33   67183.33
1062   46133.33   70366.67
1063   46133.33   71216.67
1064   46133.33   74183.33
1065   46133.33   77700.00
1066   46133.33   80433.33
1067   46150.00   60166.67
1068   46150.00   60283.33
1069   46150.00   64183.33
1070   46150.00   67566.67
1071   46166.67   60233.33
1072   46166.67   62650.00
1073   46166.67   62916.67
1074   46166.67   64566.67
1075   46166.67   65883.33
1076   46166.67   71883.33
1077   46166.67   72233.33
1078   46166.67   73416.67
1079   46166.67   77566.67
1080   46166.67   80700.00
1081   46183.33   59866.67
1082   46183.33   61266.67
1083   46183.33   62533.33
1084   46183.33   62883.33
1085   46183.33   72500.00
1086   46183.33   73116.67
1087   46183.33   82333.33
1088   46183.33   82950.00
1089   46200.00   59966.67
1090   46200.00   60250.00
1091   46200.00   62833.33
1092   46200.00   70483.33
1093   46200.00   70766.67
1094   46200.00   74633.33
1095   46200.00   82083.33
1096   46200.00   82666.67
1097   46200.00   83150.00
1098   46216.67   60016.67
1099   46216.67   63466.67
1100   46216.67   63483.33
1101   46216.67   64533.33
1102   46216.67   71083.33
1103   46216.67   71383.33
1104   46216.67   71766.67
1105   46216.67   72433.33
1106   46216.67   72600.00
1107   46216.67   73016.67
1108   46216.67   73533.33
1109   46216.67   77883.33
1110   46216.67   78066.67
1111   46216.67   79366.67
1112   46233.33   60216.67
1113   46233.33   60283.33
1114   46233.33   61283.33
1115   46233.33   62616.67
1116   46233.33   63133.33
1117   46233.33   64533.33
1118   46233.33   66616.67
1119   46233.33   76016.67
1120   46233.33   80866.67
1121   46233.33   83333.33
1122   46250.00   60083.33
1123   46250.00   60616.67
1124   46250.00   63116.67
1125   46250.00   63666.67
1126   46250.00   63700.00
1127   46250.00   65066.67
1128   46250.00   67683.33
1129   46250.00   71516.67
1130   46250.00   72933.33
1131   46250.00   73083.33
1132   46250.00   78283.33
1133   46250.00   81766.67
1134   46250.00   83550.00
1135   46250.00   83883.33
1136   46266.67   66633.33
1137   46266.67   71000.00
1138   46266.67   79033.33
1139   46266.67   81883.33
1140   46283.33   63133.33
1141   46283.33   66733.33
1142   46283.33   72683.33
1143   46283.33   72833.33
1144   46283.33   73366.67
1145   46283.33   74733.33
1146   46283.33   83783.33
1147   46283.33   84033.33
1148   46300.00   60616.67
1149   46300.00   62783.33
1150   46300.00   63216.67
1151   46300.00   64716.67
1152   46300.00   67516.67
1153   46300.00   70866.67
1154   46300.00   72266.67
1155   46300.00   79450.00
1156   46300.00   80800.00
1157   46316.67   72516.67
1158   46316.67   73650.00
1159   46316.67   74216.67
1160   46316.67   78700.00
1161   46333.33   72433.33
1162   46333.33   78833.33
1163   46333.33   79416.67
1164   46333.33   83933.33
1165   46350.00   62250.00
1166   46350.00   62966.67
1167   46350.00   63350.00
1168   46350.00   72550.00
1169   46350.00   80416.67
1170   46366.67   60516.67
1171   46366.67   62866.67
1172   46366.67   63550.00
1173   46366.67   64750.00
1174   46366.67   66566.67
1175   46366.67   70916.67
1176   46366.67   71233.33
1177   46366.67   71616.67
1178   46366.67   72016.67
1179   46366.67   72500.00
1180   46366.67   74766.67
1181   46366.67   74883.33
1182   46366.67   75966.67
1183   46366.67   79933.33
1184   46366.67   81316.67
1185   46366.67   81516.67
1186   46383.33   61066.67
1187   46383.33   71883.33
1188   46383.33   75016.67
1189   46383.33   80816.67
1190   46383.33   82650.00
1191   46400.00   61150.00
1192   46400.00   63783.33
1193   46400.00   66916.67
1194   46400.00   67483.33
1195   46400.00   70500.00
1196   46400.00   74866.67
1197   46400.00   80116.67
1198   46400.00   81166.67
1199   46416.67   62266.67
1200   46416.67   62433.33
1201   46416.67   62566.67
1202   46416.67   62700.00
1203   46416.67   63300.00
1204   46416.67   63816.67
1205   46416.67   71933.33
1206   46416.67   75366.67
1207   46433.33   61100.00
1208   46433.33   62066.67
1209   46433.33   63650.00
1210   46433.33   63866.67
1211   46433.33   64000.00
1212   46433.33   67716.67
1213   46433.33   71016.67
1214   46433.33   72350.00
1215   46433.33   80300.00
1216   46433.33   81150.00
1217   46450.00   63450.00
1218   46450.00   66400.00
1219   46450.00   79883.33
1220   46450.00   81166.67
1221   46466.67   64733.33
1222   46466.67   65250.00
1223   46466.67   67566.67
1224   46466.67   71516.67
1225   46466.67   72533.33
1226   46466.67   81066.67
1227   46483.33   67416.67
1228   46483.33   70200.00
1229   46483.33   70616.67
1230   46483.33   72033.33
1231   46483.33   72666.67
1232   46483.33   80533.33
1233   46483.33   80850.00
1234   46483.33   84066.67
1235   46500.00   72250.00
1236   46500.00   80966.67
1237   46500.00   84333.33
1238   46516.67   66266.67
1239   46516.67   71066.67
1240   46516.67   72750.00
1241   46516.67   75350.00
1242   46516.67   80033.33
1243   46533.33   63683.33
1244   46533.33   64050.00
1245   46533.33   67166.67
1246   46533.33   70766.67
1247   46533.33   72350.00
1248   46533.33   72750.00
1249   46533.33   76033.33
1250   46550.00   61033.33
1251   46550.00   66116.67
1252   46550.00   72100.00
1253   46550.00   72116.67
1254   46550.00   72466.67
1255   46550.00   72733.33
1256   46550.00   75500.00
1257   46550.00   84150.00
1258   46566.67   63933.33
1259   46566.67   70983.33
1260   46566.67   71433.33
1261   46566.67   71833.33
1262   46566.67   72000.00
1263   46566.67   79416.67
1264   46566.67   80816.67
1265   46566.67   80866.67
1266   46583.33   65333.33
1267   46583.33   71616.67
1268   46583.33   72050.00
1269   46583.33   72183.33
1270   46583.33   73083.33
1271   46583.33   80183.33
1272   46583.33   81200.00
1273   46600.00   67733.33
1274   46600.00   70850.00
1275   46616.67   53533.33
1276   46616.67   61016.67
1277   46616.67   65050.00
1278   46616.67   70966.67
1279   46616.67   71733.33
1280   46616.67   71933.33
1281   46616.67   72666.67
1282   46616.67   72733.33
1283   46616.67   72766.67
1284   46633.33   53600.00
1285   46633.33   64866.67
1286   46633.33   71916.67
1287   46633.33   72683.33
1288   46633.33   79016.67
1289   46633.33   80433.33
1290   46633.33   81383.33
1291   46650.00   60966.67
1292   46650.00   65866.67
1293   46650.00   67583.33
1294   46650.00   70800.00
1295   46650.00   71300.00
1296   46650.00   71566.67
1297   46666.67   53083.33
1298   46666.67   64066.67
1299   46666.67   71733.33
1300   46666.67   72133.33
1301   46666.67   73916.67
1302   46666.67   80750.00
1303   46683.33   60366.67
1304   46683.33   64183.33
1305   46683.33   64866.67
1306   46683.33   70016.67
1307   46683.33   70450.00
1308   46683.33   71066.67
1309   46683.33   71716.67
1310   46683.33   71883.33
1311   46683.33   72033.33
1312   46683.33   72716.67
1313   46700.00   64216.67
1314   46700.00   71400.00
1315   46700.00   71583.33
1316   46700.00   72083.33
1317   46700.00   75450.00
1318   46700.00   80916.67
1319   46700.00   81550.00
1320   46716.67   53266.67
1321   46716.67   65416.67
1322   46716.67   70716.67
1323   46716.67   71266.67
1324   46716.67   72566.67
1325   46716.67   79083.33
1326   46716.67   79100.00
1327   46716.67   84133.33
1328   46733.33   53366.67
1329   46733.33   64966.67
1330   46733.33   65833.33
1331   46733.33   67700.00
1332   46733.33   70366.67
1333   46733.33   71266.67
1334   46733.33   75300.00
1335   46750.00   70583.33
1336   46750.00   71233.33
1337   46750.00   71266.67
1338   46750.00   71350.00
1339   46750.00   71700.00
1340   46750.00   71816.67
1341   46750.00   72250.00
1342   46766.67   70950.00
1343   46766.67   71250.00
1344   46766.67   78983.33
1345   46783.33   67500.00
1346   46783.33   70750.00
1347   46783.33   71200.00
1348   46783.33   71300.00
1349   46783.33   71383.33
1350   46783.33   84050.00
1351   46800.00   53650.00
1352   46800.00   54066.67
1353   46800.00   64066.67
1354   46800.00   67716.67
1355   46800.00   70200.00
1356   46800.00   71166.67
1357   46800.00   71250.00
1358   46800.00   71316.67
1359   46800.00   72500.00
1360   46816.67   65800.00
1361   46816.67   71200.00
1362   46816.67   71250.00
1363   46816.67   79583.33
1364   46816.67   80950.00
1365   46833.33   65783.33
1366   46833.33   70850.00
1367   46833.33   71166.67
1368   46850.00   69900.00
1369   46850.00   71183.33
1370   46850.00   71350.00
1371   46850.00   71366.67
1372   46850.00   71616.67
1373   46850.00   72450.00
1374   46850.00   81016.67
1375   46866.67   53616.67
1376   46866.67   55816.67
1377   46866.67   70916.67
1378   46866.67   71266.67
1379   46866.67   71366.67
1380   46866.67   71433.33
1381   46866.67   72383.33
1382   46866.67   75316.67
1383   46883.33   53966.67
1384   46883.33   65516.67
1385   46883.33   70816.67
1386   46883.33   71150.00
1387   46883.33   71166.67
1388   46883.33   71283.33
1389   46883.33   71516.67
1390   46883.33   71833.33
1391   46900.00   55400.00
1392   46900.00   55966.67
1393   46900.00   60466.67
1394   46900.00   65183.33
1395   46900.00   65633.33
1396   46900.00   67383.33
1397   46900.00   71133.33
1398   46900.00   79633.33
1399   46900.00   84600.00
1400   46916.67   53583.33
1401   46916.67   54183.33
1402   46933.33   52966.67
1403   46933.33   55550.00
1404   46933.33   70733.33
1405   46933.33   71466.67
1406   46933.33   74016.67
1407   46950.00   55983.33
1408   46950.00   64033.33
1409   46950.00   65600.00
1410   46950.00   69783.33
1411   46966.67   52966.67
1412   46966.67   53700.00
1413   46966.67   65733.33
1414   46966.67   70550.00
1415   46966.67   70950.00
1416   46966.67   71016.67
1417   46983.33   65550.00
1418   46983.33   65566.67
1419   46983.33   71366.67
1420   46983.33   72183.33
1421   47000.00   60466.67
1422   47000.00   60516.67
1423   47000.00   70816.67
1424   47016.67   52916.67
1425   47016.67   53616.67
1426   47016.67   70933.33
1427   47033.33   65183.33
1428   47033.33   65433.33
1429   47033.33   79266.67
1430   47050.00   55183.33
1431   47050.00   67733.33
1432   47050.00   70850.00
1433   47050.00   70883.33
1434   47066.67   55866.67
1435   47066.67   65383.33
1436   47066.67   79783.33
1437   47083.33   52950.00
1438   47100.00   54066.67
1439   47100.00   55783.33
1440   47100.00   69983.33
1441   47100.00   81933.33
1442   47116.67   53516.67
1443   47116.67   65600.00
1444   47116.67   70183.33
1445   47116.67   70333.33
1446   47116.67   70850.00
1447   47133.33   53500.00
1448   47133.33   54066.67
1449   47133.33   55533.33
1450   47133.33   70766.67
1451   47150.00   55133.33
1452   47166.67   55166.67
1453   47166.67   67916.67
1454   47166.67   72633.33
1455   47183.33   54050.00
1456   47183.33   55050.00
1457   47183.33   79316.67
1458   47200.00   65150.00
1459   47200.00   68833.33
1460   47200.00   70266.67
1461   47200.00   79366.67
1462   47216.67   52850.00
1463   47216.67   53566.67
1464   47216.67   74366.67
1465   47233.33   53966.67
1466   47233.33   55366.67
1467   47233.33   61850.00
1468   47233.33   65050.00
1469   47250.00   52850.00
1470   47250.00   72250.00
1471   47250.00   81466.67
1472   47266.67   54916.67
1473   47283.33   52833.33
1474   47283.33   53883.33
1475   47283.33   54816.67
1476   47283.33   65616.67
1477   47283.33   79333.33
1478   47283.33   79716.67
1479   47300.00   54000.00
1480   47300.00   82100.00
1481   47316.67   53916.67
1482   47316.67   70150.00
1483   47316.67   70183.33
1484   47316.67   70566.67
1485   47333.33   52833.33
1486   47333.33   68666.67
1487   47333.33   69683.33
1488   47333.33   69983.33
1489   47333.33   79433.33
1490   47333.33   79800.00
1491   47333.33   84550.00
1492   47366.67   54916.67
1493   47366.67   61933.33
1494   47366.67   68333.33
1495   47366.67   70033.33
1496   47383.33   53133.33
1497   47383.33   54166.67
1498   47383.33   54783.33
1499   47383.33   61866.67